17, 44
17, 56
17, 58
17, 210
20, 175
20, 176
31, 88
31, 324
31, 325
33, 203
33, 204
39, 484
39, 485
39, 486
39, 487
42, 97
42, 150
42, 209
66, 27
66, 171
74, 20
74, 47
74, 70
75, 259
75, 301
80, 47
80, 489
91, 310
91, 311
91, 312
91, 313
93, 171
93, 259
93, 531
94, 26
94, 133
100, 55
100, 436
102, 32
102, 558
125, 181
125, 183
125, 191
128, 444
129, 32
129, 82
129, 483
141, 320
143, 32
143, 369
143, 424
154, 32
154, 213
165, 214
171, 477
171, 501
171, 505
171, 506
182, 119
182, 157
185, 180
202, 200
206, 123
206, 124
212, 543
212, 553
213, 32
213, 497
213, 498
213, 499
214, 477
214, 478
214, 479
221, 43
221, 265
227, 56
227, 304
228, 76
228, 171
234, 43
234, 445
234, 446
239, 27
239, 173
240, 62
240, 76
240, 120
240, 150
240, 219
244, 162
244, 284
246, 27
246, 171
248, 62
248, 181
248, 358
248, 368
248, 369
248, 370
262, 352
262, 454
275, 271
275, 374
275, 375
275, 376
275, 377
275, 378
285, 247
285, 257
285, 258
285, 259
290, 208
290, 243
290, 244
290, 245
292, 49
292, 154
292, 155
292, 156
312, 66
313, 54
313, 71
314, 174
316, 137
316, 138
316, 139
319, 468
319, 469
324, 27
326, 538
326, 539
326, 540
341, 413
341, 416
350, 430
350, 431
350, 432
350, 433
365, 283
366, 525
366, 526
366, 527
366, 528
370, 55
370, 58
370, 170
370, 241
370, 242
373, 57
373, 533
373, 534
376, 44
376, 56
376, 58
376, 467
379, 324
379, 389
379, 390
379, 391
379, 392
384, 306
386, 44
386, 45
387, 21
387, 22
387, 23
393, 21
393, 26
393, 92
393, 609
394, 393
394, 394
400, 70
400, 171
405, 20
405, 21
407, 163
411, 48
411, 126
411, 321
413, 146
413, 147
421, 82
421, 427
421, 428
421, 429
423, 292
423, 293
439, 21
439, 88
439, 133
439, 167
439, 168
439, 169
439, 170
439, 171
442, 113
442, 247
442, 521
442, 522
450, 21
450, 444
451, 70
451, 352
453, 207
453, 352
453, 440
454, 26
454, 70
454, 71
455, 334
458, 21
458, 246
458, 247
460, 88
460, 133
460, 205
460, 206
460, 207
466, 84
466, 359
466, 360
466, 361
466, 362
466, 363
484, 101
484, 143
484, 144
489, 425
489, 426
489, 427
489, 428
489, 429
497, 80
497, 133
497, 183
509, 215
509, 216
511, 113
511, 513
511, 523
511, 524
517, 163
519, 5
519, 226
519, 227
519, 228
522, 196
522, 197
527, 380
527, 381
527, 382
527, 383
527, 384
527, 385
527, 386
527, 387
527, 388
531, 294
531, 295
533, 43
533, 272
533, 273
533, 274
534, 26
534, 160
554, 126
554, 159
560, 236
560, 243
560, 245
560, 422
562, 18
562, 20
562, 22
562, 23
586, 122
586, 231
586, 232
586, 233
586, 234
590, 163
591, 18
591, 26
600, 95
600, 96
600, 97
600, 98
601, 62
601, 97
601, 194
601, 195
611, 58
611, 74
611, 303
612, 21
612, 56
612, 58
614, 88
615, 170
615, 287
621, 44
621, 158
636, 223
636, 225
636, 229
636, 230
643, 9
643, 10
644, 9
644, 10
644, 11
644, 12
645, 13
646, 26
646, 437
646, 438
655, 44
655, 58
655, 97
655, 513
657, 530
658, 232
658, 235
663, 120
663, 409
663, 410
663, 411
663, 412
664, 44
664, 45
664, 238
665, 26
665, 53
665, 456
679, 21
679, 348
682, 26
682, 125
682, 398
682, 449
684, 21
684, 66
684, 71
688, 70
688, 208
688, 332
688, 333
693, 32
693, 40
693, 415
693, 490
693, 491
693, 492
693, 493
693, 494
693, 495
693, 496
701, 26
706, 124
706, 126
706, 213
706, 218
708, 97
708, 340
711, 139
727, 269
727, 352
727, 364
732, 32
732, 76
732, 211
733, 43
733, 239
733, 240
735, 20
735, 21
735, 282
735, 338
739, 22
739, 513
743, 20
743, 70
743, 444
754, 21
754, 26
754, 46
754, 68
754, 112
755, 477
755, 500
755, 501
755, 502
755, 503
756, 21
756, 26
756, 46
756, 160
763, 26
763, 68
763, 520
778, 43
778, 262
788, 36
788, 37
799, 535
799, 536
799, 537
800, 204
800, 423
812, 22
812, 47
812, 207
812, 601
812, 602
829, 409
829, 425
829, 426
829, 480
834, 27
834, 35
839, 88
839, 295
839, 322
863, 152
863, 153
870, 281
870, 282
886, 413
886, 414
886, 415
895, 120
895, 150
895, 467
903, 21
903, 255
903, 256
906, 86
906, 371
907, 26
907, 124
907, 313
912, 161
912, 162
914, 413
914, 427
914, 475
914, 476
916, 56
922, 302
923, 76
923, 361
924, 87
924, 133
924, 409
937, 49
937, 121
937, 122
938, 108
938, 109
938, 110
967, 27
967, 31
969, 395
969, 396
990, 2
990, 88
990, 345
990, 346
1006, 171
1006, 532
1012, 20
1012, 46
1012, 70
1013, 171
1013, 276
1013, 277
1013, 278
1013, 279
1013, 280
1023, 308
1023, 309
1024, 308
1024, 309
1052, 53
1052, 54
1053, 18
1053, 21
1053, 55
1053, 66
1054, 76
1054, 77
1054, 78
1063, 44
1063, 45
1063, 46
1065, 51
1065, 52
1066, 21
1066, 55
1067, 56
1067, 57
1067, 58
1069, 62
1069, 63
1074, 49
1074, 57
1074, 75
1074, 76
1075, 49
1075, 79
1075, 80
1075, 81
1079, 85
1079, 86
1079, 88
1081, 80
1085, 1
1085, 60
1086, 1
1092, 62
1092, 99
1092, 100
1092, 101
1093, 102
1097, 44
1097, 114
1097, 115
1098, 28
1098, 120
1098, 121
1098, 122
1100, 125
1100, 126
1102, 123
1102, 127
1104, 21
1104, 113
1107, 131
1112, 108
1112, 559
1115, 170
1115, 560
1116, 560
1119, 44
1119, 45
1119, 158
1120, 21
1120, 562
1121, 108
1121, 563
1122, 49
1122, 62
1122, 161
1122, 202
1128, 568
1132, 570
1133, 2
1133, 145
1133, 146
1135, 132
1137, 572
1141, 573
1142, 21
1142, 47
1144, 21
1144, 208
1144, 245
1144, 352
1144, 575
1145, 21
1145, 208
1145, 243
1145, 245
1147, 80
1148, 342
1149, 44
1149, 47
1149, 133
1150, 21
1150, 576
1153, 108
1153, 579
1154, 134
1154, 579
1158, 583
1166, 220
1166, 225
1166, 343
1167, 592
1168, 592
1168, 593
1168, 594
1169, 199
1170, 58
1173, 2
1173, 88
1173, 423
1177, 595
1178, 26
1179, 409
1179, 604
1183, 79
1183, 80
1183, 278
1187, 606
1187, 607
1187, 608
1191, 20
1191, 26
1191, 66
1192, 308
1192, 610
1193, 88
1201, 45
1201, 74
1201, 289
1244, 21
1244, 611
1250, 56
1250, 613
1250, 614
1252, 613
1252, 615
1252, 616
1252, 618
1253, 615
1253, 619
1253, 620
1258, 412
1265, 176
1271, 260
1271, 261
1279, 628
1279, 629
1280, 94
1280, 227
1281, 646
1284, 20
1284, 158
1284, 638
1285, 21
1285, 158
1285, 170
1292, 21
1292, 158
1292, 645
1293, 146
1293, 171
1293, 646
1301, 649
1302, 96
1302, 308
1302, 650
1302, 653
1305, 659
1305, 660
1305, 661
1307, 21
1307, 238
1310, 113
1310, 622
1317, 668
1317, 669
1318, 670
1318, 671
1319, 152
1319, 672
1321, 21
1321, 43
1323, 21
1323, 147
1323, 238
1324, 20
1324, 147
1324, 238
1325, 170
1325, 560
1328, 21
1328, 681
1328, 682
1329, 21
1329, 683
1329, 684
1331, 113
1331, 169
1331, 183
1332, 80
1332, 688
1334, 21
1334, 62
1334, 689
1339, 107
1339, 689
1339, 697
1341, 650
1341, 701
1344, 28
1344, 704
1345, 705
1384, 706
1384, 707
1385, 97
1423, 20
1423, 21
1423, 56
1423, 147
1423, 713
1453, 152
1453, 657
1495, 199
1495, 708
1495, 709
1496, 120
1496, 415
1496, 711
1502, 712
1539, 714
1539, 715
1540, 716
1540, 717
